99
18 55
18 61
18 26
18 98
18 89
18 57
18 84
18 68
18 41
18 6
18 12
18 31
18 47
18 60
18 33
18 86
18 94
18 24
18 62
18 64
18 30
18 1
18 36
18 95
18 39
18 11
18 77
18 45
18 14
18 16
18 73
18 44
18 91
18 17
18 43
18 82
18 4
18 9
18 34
18 37
18 25
18 97
18 66
18 79
18 15
18 10
18 71
18 100
18 78
18 21
18 48
18 35
18 74
18 5
18 19
18 27
18 65
55 18
55 13
55 28
55 42
55 82
55 87
55 26
55 83
55 61
55 94
55 9
55 60
55 97
55 31
55 65
55 41
55 29
55 2
55 81
55 66
55 86
55 5
55 78
55 33
55 46
55 14
55 74
55 93
55 40
55 7
55 23
55 30
55 4
55 20
55 91
55 75
55 76
55 51
55 70
55 38
55 11
55 36
55 89
55 57
55 63
55 72
55 21
55 56
55 6
55 34
55 37
55 79
55 69
55 52
55 48
55 16
55 92
55 90
55 25
55 95
55 32
55 96
13 55
13 6
13 85
13 50
13 68
13 82
13 47
13 23
13 16
13 73
13 19
13 53
13 86
13 12
13 98
13 51
13 26
13 93
13 95
13 60
13 41
13 64
13 90
13 11
13 66
13 87
13 63
13 7
13 48
13 46
13 96
13 34
13 40
13 76
13 69
13 58
13 81
13 29
13 62
13 45
13 77
13 14
13 75
13 78
13 21
13 89
13 10
13 3
13 37
13 92
13 43
13 42
13 20
13 32
13 54
13 57
13 84
13 17
13 25
13 1
6 13
6 100
6 62
6 85
6 56
6 22
6 51
6 76
6 50
6 94
6 93
6 49
6 75
6 32
6 2
6 65
6 61
6 64
6 38
6 15
6 78
6 29
6 84
6 90
6 54
6 18
6 11
6 73
6 97
6 14
6 98
6 53
6 45
6 69
6 8
6 9
6 37
6 71
6 83
6 10
6 70
6 16
6 42
6 20
6 86
6 52
6 43
6 68
6 57
6 48
6 1
6 55
6 99
6 92
6 79
6 36
6 72
6 17
6 95
6 4
6 34
6 77
6 89
6 27
6 58
6 35
100 6
100 8
100 22
100 14
100 97
100 73
100 19
100 38
100 21
100 1
100 44
100 27
100 46
100 31
100 72
100 48
100 5
100 42
100 23
100 43
100 53
100 37
100 64
100 62
100 69
100 30
100 80
100 45
100 87
100 29
100 35
100 81
100 77
100 88
100 66
100 34
100 26
100 89
100 12
100 78
100 75
100 20
100 36
100 84
100 86
100 96
100 67
100 60
100 9
100 59
100 41
100 18
100 91
100 2
8 100
8 37
8 17
8 15
8 21
8 41
8 79
8 60
8 24
8 91
8 12
8 25
8 3
8 10
8 33
8 63
8 95
8 9
8 35
8 16
8 53
8 69
8 90
8 52
8 2
8 51
8 64
8 70
8 50
8 1
8 67
8 6
8 14
8 45
8 42
8 57
8 89
8 85
8 28
8 97
8 43
8 73
8 66
8 77
8 62
8 26
8 46
8 98
8 27
8 49
8 47
8 93
8 81
8 99
8 82
8 40
8 59
8 68
37 8
37 72
37 78
37 12
37 38
37 70
37 64
37 5
37 11
37 60
37 76
37 43
37 52
37 71
37 51
37 65
37 96
37 44
37 73
37 67
37 50
37 41
37 59
37 90
37 82
37 40
37 56
37 57
37 28
37 92
37 100
37 17
37 86
37 21
37 66
37 27
37 68
37 6
37 89
37 16
37 87
37 20
37 77
37 10
37 80
37 13
37 53
37 32
37 63
37 18
37 75
37 49
37 48
37 97
37 95
37 79
37 4
37 55
37 91
37 36
37 93
37 84
72 37
72 1
72 25
72 52
72 28
72 11
72 3
72 33
72 46
72 91
72 58
72 73
72 70
72 48
72 26
72 90
72 16
72 17
72 9
72 7
72 14
72 89
72 54
72 100
72 45
72 75
72 94
72 99
72 53
72 68
72 10
72 92
72 24
72 43
72 76
72 77
72 32
72 87
72 63
72 80
72 12
72 59
72 29
72 98
72 5
72 85
72 23
72 47
72 93
72 30
72 35
72 67
72 19
72 86
72 55
72 20
72 34
72 42
72 83
72 36
72 97
72 49
72 15
72 22
72 95
72 6
72 84
72 27
1 72
1 61
1 68
1 58
1 45
1 94
1 19
1 35
1 9
1 95
1 77
1 25
1 59
1 90
1 100
1 91
1 96
1 3
1 74
1 40
1 51
1 99
1 54
1 18
1 42
1 31
1 17
1 57
1 53
1 21
1 36
1 34
1 8
1 11
1 4
1 62
1 16
1 24
1 67
1 52
1 38
1 56
1 97
1 60
1 92
1 86
1 43
1 93
1 22
1 39
1 27
1 64
1 13
1 6
1 66
1 79
1 5
1 69
61 1
61 45
61 46
61 18
61 99
61 44
61 20
61 97
61 87
61 68
61 57
61 22
61 89
61 98
61 50
61 6
61 80
61 55
61 34
61 71
61 62
61 7
61 63
61 74
61 24
61 73
61 85
61 65
61 69
61 9
61 90
61 53
61 51
61 77
61 17
61 41
61 29
61 81
61 30
61 88
61 49
61 94
61 33
61 58
61 75
61 48
61 83
61 76
61 84
61 10
61 95
61 82
61 16
61 56
61 26
61 96
61 31
61 64
61 43
61 66
61 3
61 35
61 5
61 11
45 61
45 69
45 21
45 85
45 24
45 54
45 74
45 52
45 50
45 1
45 95
45 68
45 32
45 20
45 17
45 72
45 11
45 56
45 13
45 66
45 79
45 86
45 57
45 25
45 100
45 88
45 4
45 6
45 81
45 14
45 46
45 18
45 8
45 33
45 19
45 44
45 10
45 28
45 87
45 93
45 30
45 35
45 92
45 60
45 70
45 53
45 80
45 84
45 29
45 82
45 47
45 31
45 76
45 34
45 91
45 97
45 5
45 73
45 65
45 22
45 62
45 38
45 7
45 71
45 27
45 41
45 23
45 83
69 45
69 76
69 97
69 85
69 30
69 67
69 16
69 80
69 64
69 62
69 48
69 65
69 28
69 17
69 8
69 61
69 84
69 33
69 20
69 75
69 60
69 13
69 54
69 100
69 9
69 94
69 6
69 23
69 99
69 36
69 19
69 79
69 52
69 98
69 89
69 3
69 4
69 68
69 35
69 77
69 26
69 43
69 70
69 24
69 49
69 71
69 53
69 92
69 87
69 91
69 39
69 55
69 1
69 12
69 63
69 21
69 73
69 57
69 95
69 14
69 42
69 86
69 27
69 5
76 69
76 99
76 6
76 52
76 91
76 96
76 38
76 94
76 60
76 24
76 15
76 59
76 84
76 37
76 19
76 86
76 29
76 40
76 2
76 22
76 13
76 17
76 67
76 89
76 16
76 93
76 77
76 72
76 34
76 10
76 42
76 50
76 53
76 32
76 61
76 31
76 97
76 85
76 95
76 75
76 74
76 21
76 27
76 55
76 73
76 12
76 25
76 35
76 71
76 80
76 33
76 45
76 46
76 48
76 54
76 82
76 41
76 87
76 57
76 49
76 26
76 79
76 47
76 68
99 76
99 34
99 3
99 81
99 68
99 61
99 82
99 23
99 27
99 97
99 26
99 96
99 14
99 80
99 46
99 28
99 72
99 95
99 1
99 15
99 86
99 66
99 11
99 10
99 21
99 7
99 17
99 69
99 57
99 64
99 44
99 84
99 39
99 5
99 49
99 36
99 94
99 74
99 25
99 6
99 8
99 67
99 87
99 70
99 32
99 59
34 99
34 3
34 50
34 11
34 41
34 29
34 63
34 92
34 79
34 51
34 85
34 33
34 23
34 22
34 98
34 54
34 89
34 61
34 60
34 97
34 13
34 24
34 39
34 2
34 21
34 7
34 56
34 65
34 9
34 75
34 1
34 76
34 100
34 40
34 71
34 15
34 62
34 42
34 87
34 14
34 93
34 64
34 10
34 27
34 17
34 67
34 86
34 38
34 77
34 49
34 18
34 43
34 96
34 91
34 52
34 72
34 45
34 46
34 55
34 47
34 30
34 94
34 68
34 53
34 16
34 59
34 80
34 35
34 48
34 31
34 73
34 6
3 34
3 99
3 10
3 35
3 51
3 4
3 66
3 72
3 46
3 8
3 26
3 91
3 1
3 75
3 79
3 89
3 47
3 82
3 40
3 52
3 23
3 98
3 73
3 87
3 85
3 44
3 69
3 59
3 24
3 77
3 13
3 83
3 32
3 70
3 29
3 93
3 94
3 5
3 92
3 61
3 2
3 68
81 99
81 50
81 44
81 63
81 82
81 47
81 80
81 84
81 12
81 62
81 10
81 94
81 14
81 19
81 21
81 4
81 35
81 89
81 65
81 52
81 73
81 27
81 96
81 25
81 88
81 32
81 60
81 64
81 85
81 5
81 39
81 46
81 16
81 20
81 41
81 78
81 58
81 70
81 31
81 90
81 61
81 57
81 77
81 13
81 87
81 55
81 29
81 53
81 100
81 45
81 74
81 56
81 11
81 98
81 23
81 91
81 17
81 43
81 49
81 42
81 71
81 86
81 93
81 8
81 51
81 36
50 81
50 34
50 35
50 82
50 13
50 5
50 68
50 97
50 48
50 33
50 7
50 84
50 83
50 45
50 89
50 6
50 54
50 85
50 52
50 87
50 12
50 23
50 73
50 42
50 63
50 16
50 30
50 61
50 27
50 37
50 9
50 60
50 43
50 67
50 25
50 90
50 58
50 17
50 77
50 86
50 76
50 8
50 88
50 62
50 94
50 24
50 57
50 66
50 65
50 74
50 56
50 19
50 28
50 92
50 36
50 2
50 59
50 96
50 4
50 80
50 71
50 39
11 34
11 14
11 5
11 94
11 22
11 87
11 72
11 23
11 68
11 38
11 20
11 37
11 13
11 41
11 33
11 6
11 71
11 70
11 10
11 45
11 46
11 85
11 77
11 18
11 17
11 27
11 28
11 99
11 1
11 88
11 97
11 57
11 52
11 81
11 4
11 35
11 42
11 31
11 19
11 53
11 39
11 93
11 66
11 55
11 79
11 40
11 67
11 9
11 84
11 36
11 64
11 62
11 95
11 12
11 44
11 7
11 61
11 74
14 11
14 36
14 2
14 81
14 82
14 86
14 100
14 85
14 67
14 52
14 83
14 99
14 47
14 28
14 6
14 72
14 33
14 48
14 40
14 10
14 57
14 63
14 91
14 79
14 45
14 94
14 18
14 17
14 13
14 75
14 27
14 8
14 55
14 74
14 98
14 87
14 34
14 26
14 58
14 60
14 78
14 97
14 96
14 93
14 43
14 70
14 32
14 62
14 20
14 12
14 39
14 16
14 73
14 35
14 66
14 41
14 30
14 38
14 84
14 21
14 4
14 25
14 69
14 5
14 54
14 64
14 59
14 89
36 14
36 44
36 35
36 4
36 33
36 31
36 22
36 83
36 30
36 10
36 20
36 23
36 86
36 40
36 28
36 32
36 62
36 48
36 18
36 70
36 97
36 53
36 59
36 1
36 82
36 49
36 69
36 46
36 98
36 39
36 91
36 77
36 47
36 19
36 99
36 100
36 55
36 87
36 24
36 71
36 26
36 90
36 65
36 89
36 72
36 21
36 74
36 67
36 37
36 50
36 73
36 17
36 85
36 51
36 6
36 16
36 11
36 5
36 81
36 57
36 12
36 68
36 66
36 52
44 36
44 35
44 61
44 15
44 17
44 81
44 9
44 68
44 87
44 10
44 80
44 77
44 43
44 39
44 90
44 40
44 42
44 98
44 37
44 66
44 94
44 100
44 24
44 63
44 78
44 62
44 29
44 48
44 33
44 74
44 27
44 96
44 28
44 95
44 3
44 84
44 45
44 99
44 49
44 18
44 71
44 56
44 21
44 83
44 85
44 51
44 86
44 82
44 91
44 23
44 53
44 65
44 16
44 93
44 38
44 47
44 52
44 89
44 5
44 11
44 26
44 32
35 44
35 50
35 3
35 15
35 29
35 36
35 1
35 47
35 82
35 81
35 10
35 54
35 92
35 88
35 5
35 98
35 91
35 8
35 31
35 28
35 53
35 100
35 27
35 2
35 11
35 79
35 45
35 43
35 78
35 80
35 52
35 73
35 46
35 69
35 83
35 16
35 76
35 49
35 24
35 72
35 96
35 7
35 23
35 84
35 94
35 21
35 89
35 39
35 64
35 9
35 14
35 62
35 34
35 32
35 61
35 87
35 63
35 18
35 74
35 90
35 6
35 41
82 50
82 90
82 13
82 84
82 30
82 81
82 70
82 99
82 53
82 39
82 85
82 14
82 59
82 68
82 25
82 35
82 27
82 55
82 24
82 4
82 95
82 54
82 28
82 41
82 3
82 60
82 80
82 98
82 23
82 20
82 47
82 37
82 77
82 21
82 83
82 22
82 17
82 57
82 71
82 36
82 67
82 74
82 61
82 92
82 33
82 78
82 96
82 31
82 2
82 18
82 45
82 32
82 44
82 63
82 62
82 56
82 89
82 51
82 40
82 87
82 76
82 43
82 58
82 73
82 10
82 88
82 93
82 8
90 82
90 49
90 31
90 43
90 39
90 29
90 77
90 20
90 30
90 66
90 86
90 87
90 72
90 47
90 42
90 44
90 17
90 13
90 1
90 4
90 26
90 19
90 6
90 15
90 37
90 61
90 81
90 8
90 50
90 54
90 95
90 7
90 52
90 62
90 2
90 84
90 36
90 5
90 92
90 83
90 70
90 16
90 58
90 85
90 35
90 93
90 55
90 22
49 90
49 62
49 46
49 57
49 92
49 22
49 6
49 68
49 98
49 84
49 54
49 31
49 40
49 16
49 32
49 63
49 26
49 61
49 70
49 7
49 36
49 95
49 94
49 73
49 64
49 81
49 43
49 99
49 85
49 44
49 34
49 56
49 96
49 29
49 15
49 66
49 48
49 30
49 35
49 19
49 79
49 51
49 52
49 86
49 71
49 69
49 12
49 38
49 37
49 89
49 8
49 23
49 72
49 5
49 41
49 74
49 9
49 93
49 76
49 97
49 88
49 42
49 77
49 24
49 2
49 59
62 49
62 6
62 87
62 67
62 42
62 65
62 63
62 21
62 81
62 19
62 69
62 78
62 29
62 95
62 79
62 71
62 44
62 36
62 77
62 54
62 18
62 61
62 51
62 53
62 92
62 60
62 52
62 64
62 100
62 73
62 94
62 13
62 50
62 24
62 1
62 16
62 84
62 33
62 23
62 89
62 20
62 34
62 90
62 15
62 93
62 57
62 30
62 25
62 27
62 8
62 14
62 46
62 74
62 82
62 35
62 5
62 85
62 86
62 11
62 45
62 43
62 7
85 6
85 97
85 69
85 13
85 45
85 82
85 50
85 70
85 14
85 60
85 25
85 94
85 10
85 23
85 68
85 81
85 47
85 54
85 46
85 34
85 88
85 27
85 22
85 74
85 17
85 61
85 11
85 41
85 21
85 53
85 75
85 89
85 30
85 58
85 76
85 31
85 8
85 57
85 16
85 3
85 95
85 20
85 65
85 78
85 72
85 49
85 64
85 44
85 38
85 86
85 71
85 36
85 90
85 40
85 83
85 62
85 87
85 80
85 32
85 12
85 28
85 26
97 85
97 95
97 61
97 69
97 50
97 22
97 80
97 24
97 99
97 17
97 52
97 29
97 51
97 100
97 33
97 88
97 98
97 28
97 34
97 6
97 58
97 5
97 19
97 55
97 89
97 36
97 87
97 83
97 94
97 68
97 46
97 11
97 56
97 53
97 66
97 31
97 32
97 76
97 8
97 12
97 60
97 75
97 93
97 57
97 14
97 77
97 65
97 1
97 38
97 18
97 45
97 92
97 9
97 71
97 37
97 72
97 54
97 73
97 49
97 63
95 97
95 98
95 1
95 9
95 30
95 45
95 62
95 13
95 27
95 28
95 74
95 16
95 39
95 8
95 53
95 82
95 99
95 58
95 51
95 18
95 38
95 63
95 86
95 90
95 88
95 42
95 44
95 4
95 83
95 33
95 49
95 87
95 40
95 68
95 78
95 23
95 56
95 85
95 21
95 76
95 65
95 70
95 73
95 64
95 77
95 41
95 15
95 61
95 25
95 96
95 48
95 71
95 60
95 91
95 47
95 37
95 22
95 59
95 94
95 72
95 5
95 6
95 57
95 11
95 55
95 69
95 52
95 80
95 31
95 32
98 95
98 42
98 57
98 24
98 60
98 56
98 94
98 13
98 61
98 18
98 52
98 79
98 93
98 97
98 44
98 34
98 35
98 26
98 67
98 49
98 28
98 87
98 75
98 30
98 80
98 70
98 82
98 29
98 53
98 83
98 3
98 89
98 66
98 33
98 78
98 6
98 31
98 21
98 7
98 25
98 69
98 14
98 81
98 36
98 17
98 10
98 72
98 96
98 91
98 46
98 8
98 15
98 92
98 5
98 71
98 9
98 77
98 43
98 51
98 59
98 68
98 2
42 98
42 78
42 75
42 57
42 55
42 31
42 51
42 62
42 10
42 27
42 68
42 88
42 50
42 92
42 54
42 90
42 20
42 44
42 17
42 48
42 100
42 28
42 83
42 1
42 95
42 76
42 33
42 16
42 9
42 94
42 74
42 23
42 65
42 30
42 34
42 52
42 7
42 8
42 26
42 80
42 81
42 11
42 32
42 43
42 89
42 39
42 2
42 38
42 29
42 6
42 13
42 63
42 19
42 56
42 25
42 86
42 72
42 21
42 49
42 77
42 24
42 96
42 71
42 69
42 12
42 5
42 66
42 79
42 87
42 70
78 42
78 58
78 74
78 37
78 87
78 89
78 62
78 38
78 26
78 5
78 75
78 68
78 65
78 6
78 81
78 44
78 48
78 31
78 94
78 79
78 46
78 80
78 59
78 21
78 41
78 51
78 52
78 98
78 10
78 23
78 27
78 33
78 43
78 70
78 13
78 55
78 100
78 95
78 25
78 83
78 84
78 35
78 85
78 39
78 2
78 24
78 67
78 73
78 56
78 14
78 82
78 4
78 28
78 86
78 92
78 7
78 15
78 29
78 32
78 19
78 30
78 17
78 18
78 12
78 93
78 91
58 78
58 22
58 52
58 19
58 1
58 43
58 4
58 30
58 39
58 72
58 94
58 38
58 41
58 27
58 95
58 81
58 17
58 97
58 13
58 89
58 23
58 70
58 85
58 50
58 59
58 68
58 24
58 7
58 61
58 29
58 15
58 40
58 46
58 14
58 21
58 5
58 9
58 84
58 12
58 90
58 63
58 83
58 86
58 64
58 31
58 82
58 2
58 57
58 74
58 6
22 58
22 71
22 97
22 11
22 6
22 9
22 61
22 36
22 49
22 100
22 17
22 26
22 16
22 10
22 25
22 57
22 34
22 20
22 54
22 38
22 65
22 85
22 76
22 87
22 63
22 89
22 82
22 64
22 21
22 40
22 66
22 52
22 56
22 1
22 72
22 83
22 45
22 95
22 23
22 80
22 90
22 4
22 79
22 31
22 68
22 75
71 22
71 25
71 48
71 68
71 67
71 91
71 37
71 94
71 62
71 5
71 61
71 47
71 43
71 11
71 7
71 30
71 66
71 9
71 6
71 77
71 33
71 82
71 53
71 34
71 29
71 38
71 57
71 44
71 73
71 52
71 20
71 56
71 32
71 27
71 64
71 76
71 36
71 49
71 69
71 81
71 95
71 93
71 97
71 98
71 40
71 51
71 18
71 85
71 80
71 19
71 74
71 50
71 86
71 92
71 45
71 42
71 84
71 31
25 71
25 72
25 47
25 77
25 23
25 39
25 8
25 82
25 81
25 85
25 94
25 31
25 1
25 22
25 84
25 28
25 66
25 10
25 73
25 12
25 9
25 50
25 45
25 70
25 98
25 83
25 88
25 51
25 79
25 68
25 64
25 56
25 5
25 16
25 48
25 78
25 96
25 17
25 62
25 76
25 74
25 75
25 86
25 95
25 15
25 27
25 18
25 42
25 67
25 92
25 2
25 13
25 24
25 99
25 14
25 55
52 72
52 58
52 16
52 30
52 76
52 74
52 45
52 38
52 81
52 50
52 33
52 73
52 14
52 97
52 15
52 98
52 27
52 77
52 66
52 37
52 19
52 96
52 43
52 59
52 3
52 20
52 89
52 62
52 26
52 53
52 8
52 78
52 91
52 12
52 1
52 46
52 42
52 69
52 70
52 11
52 57
52 90
52 60
52 35
52 22
52 17
52 71
52 94
52 47
52 49
52 28
52 64
52 6
52 34
52 55
52 54
52 86
52 65
52 80
52 93
52 4
52 44
52 84
52 95
52 36
52 31
19 58
19 46
19 93
19 30
19 62
19 10
19 81
19 13
19 96
19 64
19 9
19 1
19 68
19 23
19 41
19 40
19 94
19 100
19 90
19 76
19 59
19 80
19 70
19 52
19 20
19 86
19 21
19 97
19 4
19 54
19 12
19 57
19 74
19 69
19 36
19 45
19 63
19 11
19 84
19 65
19 49
19 42
19 83
19 15
19 78
19 72
19 50
19 32
19 5
19 29
19 71
19 60
19 27
19 16
19 18
19 88
19 47
19 73
19 89
19 17
46 19
46 61
46 29
46 49
46 77
46 72
46 84
46 20
46 31
46 59
46 2
46 33
46 32
46 3
46 64
46 12
46 40
46 85
46 81
46 79
46 7
46 99
46 13
46 100
46 47
46 28
46 21
46 78
46 39
46 16
46 80
46 11
46 66
46 68
46 52
46 45
46 57
46 63
46 87
46 97
46 36
46 55
46 53
46 58
46 98
46 35
46 96
46 75
46 30
46 70
46 62
46 15
46 89
46 8
46 34
46 76
46 41
46 67
46 23
46 26
46 17
46 73
46 5
46 92
26 18
26 68
26 27
26 78
26 22
26 13
26 29
26 99
26 30
26 60
26 5
26 72
26 16
26 55
26 98
26 90
26 70
26 3
26 66
26 94
26 87
26 77
26 33
26 52
26 2
26 49
26 57
26 74
26 38
26 48
26 40
26 4
26 21
26 64
26 14
26 100
26 15
26 24
26 31
26 20
26 10
26 42
26 54
26 12
26 75
26 69
26 93
26 96
26 84
26 61
26 56
26 9
26 8
26 47
26 86
26 36
26 46
26 79
26 28
26 76
26 88
26 73
26 85
26 44
68 26
68 99
68 94
68 13
68 23
68 50
68 74
68 47
68 61
68 1
68 71
68 42
68 82
68 19
68 44
68 11
68 49
68 89
68 45
68 29
68 15
68 85
68 78
68 18
68 9
68 70
68 72
68 51
68 16
68 53
68 2
68 28
68 46
68 87
68 58
68 30
68 97
68 37
68 25
68 92
68 31
68 75
68 95
68 57
68 69
68 83
68 6
68 91
68 4
68 34
68 17
68 86
68 65
68 79
68 3
68 96
68 27
68 67
68 36
68 24
68 7
68 77
68 8
68 98
68 76
68 22
68 41
68 54
15 44
15 73
15 8
15 10
15 35
15 38
15 32
15 9
15 94
15 76
15 59
15 67
15 89
15 52
15 28
15 68
15 6
15 16
15 40
15 88
15 90
15 53
15 74
15 54
15 99
15 21
15 80
15 57
15 51
15 87
15 43
15 31
15 96
15 2
15 48
15 23
15 34
15 58
15 56
15 26
15 62
15 84
15 7
15 70
15 41
15 95
15 4
15 49
15 46
15 25
15 27
15 93
15 19
15 78
15 98
15 92
15 18
15 72
15 5
15 33
73 15
73 20
73 13
73 63
73 72
73 12
73 52
73 81
73 100
73 50
73 2
73 37
73 6
73 31
73 61
73 80
73 4
73 3
73 62
73 25
73 49
73 21
73 18
73 29
73 8
73 57
73 35
73 9
73 70
73 76
73 78
73 95
73 56
73 94
73 65
73 71
73 45
73 14
73 79
73 86
73 46
73 36
73 92
73 10
73 59
73 60
73 97
73 38
73 82
73 34
73 26
73 69
73 19
73 27
20 73
20 54
20 67
20 61
20 90
20 75
20 46
20 30
20 12
20 11
20 33
20 36
20 22
20 42
20 81
20 28
20 45
20 65
20 59
20 19
20 74
20 69
20 82
20 47
20 52
20 23
20 51
20 43
20 86
20 89
20 21
20 62
20 26
20 56
20 85
20 80
20 100
20 17
20 55
20 92
20 37
20 16
20 6
20 48
20 77
20 13
20 96
20 71
20 72
20 84
20 7
20 14
20 38
20 4
54 20
54 17
54 27
54 5
54 45
54 21
54 38
54 50
54 35
54 94
54 85
54 42
54 34
54 77
54 79
54 22
54 82
54 6
54 87
54 10
54 15
54 64
54 62
54 72
54 56
54 65
54 28
54 49
54 19
54 1
54 33
54 51
54 70
54 30
54 90
54 69
54 7
54 26
54 75
54 84
54 48
54 83
54 67
54 43
54 41
54 13
54 29
54 4
54 74
54 76
54 52
54 97
54 39
54 16
54 57
54 14
54 86
54 31
54 68
54 47
17 54
17 8
17 12
17 44
17 57
17 79
17 97
17 22
17 69
17 90
17 72
17 66
17 28
17 33
17 64
17 42
17 48
17 45
17 80
17 85
17 51
17 58
17 76
17 88
17 56
17 38
17 63
17 31
17 92
17 1
17 37
17 61
17 50
17 60
17 77
17 11
17 86
17 91
17 14
17 82
17 40
17 99
17 20
17 81
17 41
17 98
17 5
17 2
17 25
17 34
17 52
17 18
17 4
17 67
17 13
17 16
17 93
17 30
17 78
17 89
17 21
17 46
17 36
17 24
17 27
17 68
17 6
17 94
17 43
17 10
17 19
17 23
10 15
10 3
10 79
10 56
10 4
10 42
10 19
10 81
10 36
10 91
10 44
10 92
10 94
10 12
10 65
10 35
10 22
10 32
10 8
10 85
10 25
10 21
10 54
10 31
10 14
10 2
10 64
10 72
10 67
10 11
10 76
10 78
10 70
10 24
10 99
10 87
10 88
10 59
10 61
10 26
10 98
10 45
10 38
10 63
10 6
10 89
10 9
10 34
10 37
10 29
10 77
10 75
10 30
10 13
10 93
10 57
10 73
10 18
10 5
10 47
10 17
10 83
10 28
10 82
38 15
38 41
38 78
38 66
38 9
38 37
38 52
38 21
38 11
38 76
38 58
38 54
38 22
38 6
38 100
38 86
38 5
38 23
38 17
38 2
38 57
38 95
38 63
38 94
38 92
38 26
38 71
38 10
38 12
38 59
38 34
38 74
38 47
38 91
38 42
38 1
38 55
38 33
38 51
38 65
38 93
38 85
38 84
38 97
38 49
38 83
38 73
38 75
38 79
38 20
38 14
38 30
38 45
38 44
41 38
41 80
41 8
41 34
41 23
41 33
41 91
41 13
41 79
41 58
41 11
41 19
41 18
41 74
41 37
41 81
41 82
41 39
41 96
41 2
41 31
41 84
41 55
41 77
41 85
41 78
41 61
41 29
41 53
41 7
41 75
41 40
41 21
41 17
41 95
41 15
41 56
41 87
41 24
41 86
41 89
41 32
41 67
41 54
41 57
41 65
41 92
41 46
41 14
41 100
41 5
41 49
41 9
41 76
41 45
41 68
41 35
41 28
80 41
80 74
80 33
80 81
80 69
80 97
80 83
80 44
80 99
80 61
80 16
80 40
80 19
80 94
80 48
80 98
80 2
80 77
80 59
80 96
80 78
80 47
80 73
80 17
80 86
80 31
80 9
80 82
80 30
80 15
80 39
80 46
80 64
80 100
80 72
80 24
80 42
80 56
80 20
80 89
80 35
80 65
80 23
80 27
80 75
80 37
80 76
80 45
80 70
80 53
80 22
80 71
80 50
80 34
80 85
80 52
80 95
80 66
74 80
74 78
74 57
74 68
74 52
74 45
74 91
74 30
74 47
74 94
74 41
74 95
74 89
74 29
74 85
74 15
74 61
74 1
74 4
74 59
74 44
74 5
74 79
74 20
74 88
74 86
74 26
74 42
74 14
74 19
74 48
74 21
74 40
74 55
74 82
74 81
74 2
74 16
74 12
74 43
74 50
74 76
74 75
74 23
74 38
74 27
74 99
74 32
74 7
74 25
74 66
74 62
74 70
74 96
74 93
74 36
74 49
74 54
74 67
74 87
74 18
74 71
74 60
74 35
74 11
74 58
74 24
74 83
12 37
12 17
12 70
12 81
12 13
12 94
12 4
12 88
12 73
12 8
12 10
12 50
12 28
12 20
12 77
12 33
12 46
12 24
12 18
12 83
12 40
12 39
12 57
12 31
12 25
12 19
12 52
12 27
12 29
12 75
12 9
12 21
12 84
12 100
12 97
12 74
12 26
12 38
12 56
12 72
12 76
12 89
12 91
12 86
12 96
12 92
12 14
12 49
12 47
12 53
12 78
12 58
12 87
12 5
12 69
12 16
12 64
12 63
12 11
12 36
12 85
12 42
63 81
63 79
63 47
63 51
63 73
63 62
63 94
63 48
63 88
63 34
63 32
63 30
63 8
63 50
63 44
63 13
63 39
63 61
63 14
63 4
63 27
63 17
63 95
63 67
63 60
63 22
63 49
63 38
63 46
63 72
63 93
63 66
63 77
63 89
63 10
63 19
63 40
63 2
63 42
63 96
63 82
63 37
63 57
63 55
63 12
63 43
63 97
63 69
63 87
63 35
63 16
63 58
79 63
79 10
79 17
79 16
79 64
79 8
79 92
79 34
79 98
79 41
79 46
79 54
79 86
79 62
79 57
79 3
79 78
79 56
79 60
79 24
79 70
79 74
79 14
79 45
79 27
79 28
79 69
79 25
79 89
79 51
79 35
79 53
79 5
79 93
79 48
79 84
79 96
79 39
79 30
79 49
79 75
79 77
79 7
79 67
79 26
79 11
79 37
79 18
79 55
79 73
79 59
79 6
79 1
79 66
79 68
79 38
79 76
79 40
79 42
79 22
56 10
56 75
56 98
56 6
56 32
56 84
56 79
56 54
56 2
56 96
56 88
56 17
56 83
56 37
56 57
56 64
56 45
56 34
56 81
56 97
56 25
56 15
56 20
56 9
56 80
56 95
56 51
56 94
56 23
56 12
56 49
56 89
56 44
56 78
56 1
56 41
56 61
56 70
56 42
56 73
56 71
56 26
56 82
56 50
56 21
56 22
56 55
56 33
75 56
75 42
75 65
75 84
75 20
75 24
75 88
75 6
75 16
75 78
75 3
75 98
75 72
75 59
75 2
75 40
75 69
75 9
75 34
75 85
75 89
75 77
75 7
75 27
75 66
75 41
75 14
75 13
75 12
75 61
75 68
75 87
75 76
75 100
75 97
75 54
75 86
75 74
75 55
75 4
75 10
75 26
75 46
75 80
75 25
75 79
75 32
75 47
75 83
75 37
75 38
75 93
75 22
75 21
57 42
57 87
57 43
57 17
57 5
57 74
57 49
57 98
57 31
57 61
57 22
57 18
57 47
57 79
57 59
57 9
57 37
57 56
57 15
57 14
57 1
57 38
57 81
57 12
57 19
57 94
57 93
57 24
57 23
57 45
57 82
57 46
57 33
57 77
57 11
57 26
57 40
57 21
57 68
57 50
57 8
57 99
57 96
57 91
57 85
57 52
57 73
57 16
57 97
57 71
57 10
57 2
57 62
57 4
57 92
57 89
57 13
57 41
57 55
57 63
57 67
57 6
57 36
57 76
57 69
57 95
57 86
57 54
57 64
57 32
57 58
57 65
87 57
87 62
87 11
87 78
87 32
87 61
87 90
87 24
87 50
87 44
87 55
87 89
87 13
87 84
87 98
87 54
87 22
87 91
87 2
87 51
87 3
87 97
87 15
87 92
87 29
87 26
87 68
87 93
87 94
87 86
87 10
87 81
87 72
87 100
87 95
87 46
87 33
87 83
87 75
87 40
87 14
87 34
87 88
87 45
87 27
87 37
87 41
87 59
87 36
87 48
87 82
87 69
87 43
87 12
87 74
87 96
87 76
87 5
87 35
87 63
87 21
87 99
87 77
87 85
87 39
87 42
67 62
67 20
67 69
67 48
67 94
67 14
67 15
67 71
67 37
67 98
67 63
67 10
67 40
67 76
67 50
67 64
67 93
67 9
67 47
67 8
67 5
67 1
67 30
67 82
67 33
67 91
67 34
67 21
67 88
67 78
67 72
67 54
67 79
67 100
67 17
67 41
67 46
67 25
67 36
67 57
67 77
67 27
67 99
67 74
67 83
67 11
67 68
67 84
5 50
5 11
5 54
5 57
5 78
5 86
5 37
5 94
5 16
5 30
5 81
5 26
5 71
5 39
5 29
5 35
5 97
5 100
5 74
5 38
5 55
5 67
5 24
5 96
5 77
5 25
5 59
5 65
5 99
5 17
5 58
5 43
5 33
5 72
5 2
5 79
5 90
5 4
5 98
5 27
5 49
5 45
5 62
5 19
5 3
5 46
5 93
5 41
5 12
5 92
5 87
5 10
5 47
5 1
5 70
5 95
5 36
5 53
5 40
5 18
5 28
5 15
5 14
5 44
5 42
5 66
5 69
5 61
94 11
94 68
94 93
94 33
94 81
94 43
94 12
94 96
94 83
94 63
94 1
94 98
94 6
94 9
94 76
94 58
94 74
94 10
94 77
94 67
94 54
94 27
94 85
94 15
94 5
94 25
94 55
94 39
94 71
94 19
94 28
94 91
94 80
94 29
94 26
94 44
94 64
94 72
94 18
94 78
94 31
94 47
94 57
94 40
94 38
94 62
94 69
94 87
94 61
94 21
94 16
94 30
94 14
94 50
94 42
94 97
94 56
94 49
94 73
94 99
94 52
94 4
94 84
94 32
94 51
94 35
94 59
94 48
94 34
94 23
94 60
94 95
94 17
94 3
94 70
94 2
94 92
94 24
84 82
84 30
84 75
84 31
84 29
84 93
84 81
84 16
84 50
84 32
84 56
84 46
84 27
84 76
84 18
84 25
84 60
84 53
84 87
84 70
84 49
84 6
84 41
84 69
84 40
84 62
84 15
84 12
84 44
84 61
84 99
84 28
84 54
84 78
84 100
84 19
84 79
84 43
84 90
84 26
84 47
84 59
84 45
84 94
84 86
84 92
84 20
84 38
84 35
84 13
84 58
84 4
84 21
84 11
84 67
84 14
84 37
84 72
84 65
84 52
84 83
84 71
30 84
30 82
30 52
30 93
30 19
30 69
30 58
30 90
30 74
30 36
30 29
30 95
30 20
30 26
30 63
30 2
30 5
30 50
30 98
30 9
30 71
30 23
30 18
30 80
30 54
30 16
30 100
30 85
30 68
30 61
30 94
30 53
30 51
30 65
30 42
30 31
30 77
30 67
30 55
30 45
30 27
30 86
30 33
30 10
30 49
30 46
30 60
30 62
30 72
30 48
30 43
30 79
30 17
30 78
30 4
30 34
30 96
30 14
30 38
30 28
47 81
47 13
47 27
47 63
47 68
47 29
47 51
47 70
47 35
47 25
47 92
47 74
47 65
47 60
47 90
47 85
47 33
47 14
47 31
47 96
47 18
47 57
47 71
47 46
47 80
47 3
47 94
47 32
47 20
47 82
47 24
47 67
47 39
47 21
47 43
47 36
47 64
47 38
47 72
47 77
47 26
47 52
47 91
47 84
47 75
47 45
47 23
47 8
47 34
47 95
47 2
47 12
47 10
47 5
47 44
47 88
47 9
47 86
47 53
47 76
47 54
47 19
23 13
23 68
23 99
23 41
23 11
23 51
23 19
23 25
23 50
23 24
23 85
23 93
23 36
23 34
23 38
23 100
23 30
23 82
23 20
23 3
23 70
23 58
23 78
23 57
23 69
23 96
23 15
23 33
23 42
23 62
23 9
23 27
23 91
23 32
23 95
23 81
23 59
23 55
23 74
23 56
23 64
23 80
23 40
23 72
23 89
23 35
23 49
23 47
23 44
23 46
23 94
23 66
23 29
23 22
23 4
23 60
23 17
23 45
89 78
89 28
89 39
89 88
89 81
89 61
89 18
89 50
89 68
89 77
89 87
89 15
89 4
89 74
89 3
89 34
89 72
89 83
89 98
89 97
89 22
89 33
89 58
89 52
89 85
89 75
89 76
89 70
89 20
89 91
89 96
89 65
89 62
89 9
89 63
89 2
89 100
89 79
89 13
89 8
89 80
89 51
89 31
89 37
89 10
89 7
89 92
89 69
89 12
89 42
89 56
89 93
89 57
89 41
89 86
89 46
89 36
89 55
89 49
89 23
89 17
89 82
89 21
89 35
89 53
89 59
89 44
89 24
89 14
89 6
89 60
89 19
28 89
28 55
28 70
28 72
28 95
28 12
28 25
28 60
28 97
28 15
28 32
28 69
28 20
28 36
28 35
28 17
28 14
28 94
28 99
28 98
28 46
28 27
28 96
28 82
28 42
28 54
28 31
28 37
28 68
28 33
28 79
28 11
28 7
28 44
28 84
28 8
28 45
28 88
28 86
28 43
28 64
28 78
28 59
28 52
28 53
28 50
28 30
28 26
28 77
28 10
28 24
28 5
28 41
28 85
28 93
28 65
31 42
31 16
31 84
31 90
31 36
31 57
31 25
31 46
31 39
31 93
31 91
31 35
31 73
31 53
31 10
31 47
31 100
31 18
31 78
31 32
31 80
31 94
31 49
31 41
31 55
31 40
31 1
31 86
31 17
31 28
31 15
31 81
31 12
31 98
31 65
31 70
31 30
31 68
31 97
31 83
31 76
31 24
31 85
31 26
31 11
31 89
31 48
31 21
31 82
31 61
31 45
31 96
31 4
31 27
31 34
31 58
31 52
31 77
31 54
31 95
31 22
31 29
31 92
31 43
31 71
16 31
16 52
16 79
16 13
16 84
16 70
16 43
16 69
16 59
16 22
16 50
16 5
16 40
16 75
16 95
16 26
16 15
16 72
16 8
16 81
16 65
16 80
16 46
16 68
16 30
16 96
16 49
16 76
16 62
16 1
16 42
16 94
16 25
16 88
16 74
16 85
16 37
16 18
16 57
16 53
16 20
16 4
16 6
16 33
16 35
16 61
16 32
16 64
16 17
16 86
16 14
16 39
16 66
16 9
16 90
16 21
16 36
16 29
16 12
16 34
16 54
16 48
16 55
16 44
16 19
16 27
16 83
16 63
93 30
93 94
93 84
93 19
93 13
93 6
93 23
93 27
93 31
93 98
93 64
93 32
93 76
93 57
93 87
93 67
93 65
93 63
93 55
93 40
93 45
93 34
93 89
93 97
93 14
93 10
93 79
93 26
93 11
93 62
93 1
93 72
93 15
93 38
93 8
93 17
93 71
93 60
93 3
93 74
93 86
93 77
93 92
93 5
93 75
93 81
93 96
93 70
93 49
93 21
93 44
93 78
93 52
93 37
93 90
93 82
93 83
93 28
33 94
33 27
33 50
33 80
33 41
33 77
33 72
33 36
33 91
33 52
33 46
33 97
33 12
33 8
33 34
33 20
33 9
33 43
33 17
33 47
33 83
33 11
33 18
33 14
33 69
33 44
33 98
33 64
33 89
33 54
33 28
33 26
33 78
33 66
33 62
33 42
33 95
33 57
33 55
33 61
33 23
33 88
33 32
33 71
33 45
33 87
33 4
33 67
33 16
33 5
33 48
33 2
33 92
33 30
33 38
33 82
33 56
33 76
33 96
33 65
33 15
33 86
33 29
33 39
27 33
27 47
27 42
27 54
27 51
27 26
27 81
27 99
27 94
27 29
27 93
27 95
27 64
27 82
27 58
27 84
27 24
27 52
27 85
27 9
27 100
27 83
27 28
27 50
27 92
27 63
27 11
27 44
27 75
27 78
27 37
27 79
27 12
27 4
27 23
27 14
27 88
27 35
27 59
27 87
27 34
27 77
27 80
27 30
27 74
27 76
27 32
27 2
27 71
27 62
27 25
27 15
27 31
27 8
27 5
27 1
27 67
27 17
27 40
27 19
27 16
27 68
27 72
27 66
27 6
27 18
27 21
27 45
27 73
27 69
51 63
51 42
51 86
51 47
51 23
51 3
51 34
51 6
51 13
51 27
51 59
51 97
51 91
51 37
51 66
51 17
51 87
51 62
51 68
51 1
51 70
51 95
51 78
51 61
51 54
51 15
51 21
51 20
51 8
51 83
51 25
51 77
51 4
51 30
51 79
51 40
51 89
51 56
51 55
51 32
51 44
51 38
51 49
51 65
51 82
51 94
51 71
51 2
51 36
51 98
51 7
51 39
51 53
51 81
65 62
65 75
65 69
65 81
65 60
65 10
65 6
65 47
65 77
65 32
65 20
65 16
65 37
65 78
65 9
65 22
65 54
65 59
65 61
65 96
65 39
65 40
65 34
65 55
65 89
65 31
65 83
65 93
65 30
65 42
65 53
65 50
65 80
65 4
65 5
65 85
65 19
65 95
65 38
65 97
65 51
65 73
65 41
65 36
65 44
65 45
65 33
65 88
65 52
65 68
65 18
65 84
65 57
65 64
65 28
65 92
43 90
43 57
43 94
43 16
43 21
43 86
43 58
43 60
43 37
43 77
43 53
43 44
43 33
43 24
43 100
43 52
43 40
43 71
43 20
43 15
43 72
43 50
43 7
43 78
43 81
43 47
43 74
43 4
43 35
43 8
43 5
43 64
43 42
43 49
43 69
43 48
43 18
43 96
43 84
43 13
43 28
43 1
43 54
43 30
43 34
43 14
43 70
43 32
43 39
43 6
43 98
43 61
43 82
43 87
43 63
43 17
43 31
43 62
21 62
21 8
21 66
21 45
21 54
21 43
21 92
21 70
21 38
21 81
21 10
21 100
21 60
21 46
21 15
21 19
21 78
21 34
21 82
21 2
21 1
21 51
21 98
21 85
21 37
21 91
21 94
21 99
21 74
21 77
21 57
21 26
21 47
21 20
21 12
21 13
21 73
21 95
21 76
21 41
21 67
21 58
21 86
21 22
21 31
21 44
21 42
21 56
21 35
21 55
21 36
21 89
21 83
21 59
21 16
21 17
21 93
21 84
21 69
21 18
21 14
21 87
21 64
21 48
21 75
21 27
29 34
29 35
29 47
29 84
29 90
29 46
29 24
29 39
29 97
29 30
29 68
29 62
29 27
29 26
29 74
29 5
29 6
29 76
29 94
29 96
29 98
29 44
29 32
29 87
29 41
29 61
29 13
29 55
29 100
29 81
29 58
29 12
29 73
29 71
29 10
29 72
29 83
29 86
29 59
29 42
29 49
29 48
29 78
29 45
29 19
29 3
29 16
29 9
29 91
29 54
29 88
29 23
29 31
29 92
29 77
29 33
4 36
4 10
4 3
4 58
4 81
4 12
4 90
4 83
4 82
4 89
4 32
4 74
4 63
4 19
4 53
4 73
4 27
4 1
4 95
4 45
4 26
4 51
4 43
4 11
4 65
4 55
4 2
4 69
4 16
4 33
4 75
4 60
4 86
4 88
4 57
4 70
4 78
4 15
4 94
4 77
4 18
4 7
4 5
4 17
4 39
4 31
4 48
4 37
4 84
4 30
4 54
4 68
4 6
4 50
4 20
4 64
4 66
4 23
4 96
4 52
4 22
4 14
48 67
48 50
48 63
48 71
48 72
48 69
48 42
48 13
48 36
48 78
48 14
48 80
48 100
48 17
48 44
48 66
48 61
48 15
48 26
48 74
48 2
48 25
48 43
48 33
48 20
48 54
48 29
48 79
48 87
48 31
48 83
48 49
48 30
48 24
48 76
48 95
48 9
48 37
48 6
48 91
48 94
48 4
48 18
48 92
48 16
48 55
48 21
48 34
70 16
70 82
70 47
70 12
70 37
70 28
70 21
70 64
70 85
70 72
70 84
70 26
70 68
70 60
70 98
70 2
70 81
70 19
70 11
70 79
70 36
70 51
70 89
70 23
70 58
70 54
70 8
70 32
70 25
70 10
70 78
70 66
70 31
70 49
70 24
70 52
70 95
70 73
70 15
70 6
70 56
70 69
70 4
70 55
70 46
70 45
70 77
70 96
70 14
70 43
70 3
70 74
70 91
70 80
70 53
70 90
70 93
70 5
70 99
70 83
70 42
70 94
77 33
77 86
77 39
77 90
77 25
77 46
77 89
77 94
77 43
77 12
77 52
77 83
77 44
77 1
77 54
77 65
77 80
77 62
77 41
77 92
77 61
77 64
77 26
77 82
77 75
77 81
77 60
77 76
77 72
77 50
77 24
77 11
77 18
77 17
77 71
77 100
77 57
77 13
77 51
77 32
77 21
77 40
77 9
77 63
77 2
77 30
77 36
77 5
77 27
77 37
77 3
77 88
77 69
77 7
77 47
77 34
77 97
77 10
77 8
77 95
77 4
77 20
77 79
77 70
77 93
77 98
77 59
77 67
77 6
77 28
77 42
77 87
77 31
77 49
77 68
77 29
86 77
86 51
86 14
86 39
86 43
86 13
86 5
86 90
86 38
86 79
86 76
86 36
86 91
86 18
86 19
86 80
86 31
86 99
86 64
86 88
86 50
86 37
86 45
86 20
86 87
86 95
86 24
86 17
86 74
86 55
86 83
86 75
86 30
86 34
86 12
86 21
86 29
86 4
86 41
86 100
86 1
86 28
86 78
86 2
86 49
86 25
86 85
86 84
86 72
86 89
86 81
86 44
86 42
86 26
86 16
86 6
86 73
86 93
86 68
86 53
86 60
86 9
86 32
86 52
86 62
86 58
86 33
86 71
86 69
86 57
86 47
86 54
24 97
24 2
24 98
24 59
24 75
24 45
24 87
24 8
24 91
24 29
24 76
24 32
24 23
24 40
24 12
24 27
24 7
24 82
24 43
24 66
24 53
24 44
24 79
24 18
24 34
24 61
24 57
24 72
24 10
24 77
24 62
24 86
24 1
24 58
24 50
24 47
24 80
24 96
24 26
24 70
24 31
24 5
24 78
24 3
24 69
24 41
24 48
24 35
24 92
24 36
24 17
24 25
24 68
24 42
24 89
24 28
24 49
24 9
24 94
24 74
2 24
2 14
2 60
2 6
2 30
2 46
2 83
2 73
2 70
2 80
2 41
2 76
2 10
2 56
2 34
2 87
2 38
2 75
2 21
2 68
2 55
2 8
2 15
2 26
2 89
2 77
2 35
2 74
2 53
2 48
2 17
2 4
2 91
2 78
2 33
2 32
2 57
2 42
2 63
2 5
2 27
2 90
2 86
2 82
2 51
2 25
2 50
2 47
2 100
2 3
2 94
2 49
2 98
2 58
53 13
53 82
53 84
53 43
53 15
53 95
53 31
53 24
53 32
53 8
53 61
53 39
53 62
53 72
53 68
53 98
53 36
53 4
53 52
53 1
53 6
53 100
53 85
53 41
53 30
53 76
53 81
53 35
53 97
53 71
53 79
53 65
53 11
53 2
53 16
53 46
53 45
53 37
53 80
53 28
53 92
53 69
53 59
53 91
53 12
53 70
53 34
53 44
53 86
53 89
53 5
53 51
53 64
53 47
39 82
39 90
39 86
39 77
39 29
39 89
39 25
39 58
39 44
39 31
39 94
39 81
39 5
39 95
39 41
39 64
39 7
39 63
39 53
39 34
39 12
39 46
39 18
39 65
39 92
39 80
39 66
39 47
39 36
39 83
39 78
39 99
39 42
39 91
39 79
39 11
39 1
39 14
39 16
39 4
39 35
39 43
39 51
39 69
39 50
39 54
39 33
39 87
59 24
59 64
59 96
59 82
59 76
59 51
59 60
59 15
59 46
59 16
59 83
59 1
59 40
59 19
59 75
59 80
59 65
59 57
59 74
59 20
59 52
59 37
59 9
59 78
59 91
59 36
59 10
59 58
59 38
59 23
59 3
59 5
59 72
59 27
59 87
59 29
59 84
59 28
59 21
59 94
59 100
59 53
59 98
59 79
59 95
59 77
59 89
59 73
59 34
59 50
59 99
59 14
59 49
59 8
64 59
64 69
64 19
64 7
64 70
64 79
64 13
64 37
64 81
64 27
64 6
64 46
64 54
64 17
64 39
64 94
64 56
64 18
64 33
64 10
64 77
64 86
64 62
64 93
64 22
64 100
64 67
64 8
64 66
64 80
64 26
64 9
64 99
64 25
64 34
64 49
64 43
64 23
64 95
64 47
64 60
64 40
64 16
64 85
64 32
64 92
64 61
64 28
64 52
64 71
64 1
64 35
64 4
64 12
64 58
64 21
64 88
64 11
64 14
64 57
64 65
64 53
66 38
66 21
66 90
66 3
66 17
66 52
66 24
66 13
66 40
66 25
66 44
66 26
66 48
66 51
66 99
66 98
66 45
66 46
66 96
66 71
66 33
66 37
66 55
66 64
66 70
66 75
66 63
66 100
66 50
66 39
66 83
66 97
66 9
66 8
66 88
66 22
66 49
66 11
66 18
66 74
66 61
66 16
66 23
66 1
66 79
66 14
66 27
66 4
66 80
66 36
66 5
66 42
96 94
96 19
96 76
96 59
96 99
96 81
96 29
96 37
96 47
96 1
96 80
96 28
96 52
96 41
96 56
96 13
96 65
96 32
96 16
96 40
96 44
96 66
96 23
96 15
96 24
96 89
96 5
96 57
96 98
96 25
96 43
96 14
96 100
96 46
96 26
96 49
96 63
96 79
96 61
96 82
96 70
96 20
96 95
96 34
96 31
96 12
96 74
96 35
96 87
96 33
96 50
96 93
96 68
96 30
96 42
96 4
96 55
96 60
7 64
7 50
7 72
7 24
7 13
7 46
7 32
7 60
7 61
7 39
7 34
7 71
7 41
7 9
7 90
7 75
7 58
7 28
7 99
7 43
7 49
7 98
7 55
7 42
7 89
7 54
7 77
7 15
7 4
7 74
7 78
7 79
7 35
7 20
7 92
7 51
7 11
7 45
7 62
7 68
32 84
32 87
32 88
32 15
32 24
32 92
32 6
32 56
32 10
32 63
32 81
32 46
32 65
32 28
32 36
32 45
32 31
32 7
32 96
32 4
32 47
32 53
32 93
32 29
32 70
32 49
32 76
32 72
32 77
32 33
32 23
32 97
32 51
32 42
32 2
32 9
32 37
32 16
32 74
32 64
32 13
32 27
32 43
32 71
32 94
32 14
32 82
32 75
32 41
32 78
32 19
32 3
32 35
32 86
32 57
32 99
32 95
32 85
32 44
32 55
60 43
60 98
60 8
60 92
60 85
60 76
60 13
60 65
60 26
60 2
60 47
60 59
60 37
60 81
60 28
60 84
60 7
60 9
60 70
60 34
60 50
60 18
60 55
60 21
60 82
60 79
60 88
60 63
60 62
60 69
60 17
60 77
60 14
60 97
60 4
60 52
60 45
60 64
60 1
60 30
60 100
60 40
60 93
60 95
60 73
60 94
60 19
60 86
60 23
60 74
60 96
60 89
9 22
9 38
9 15
9 19
9 94
9 1
9 95
9 44
9 8
9 72
9 27
9 33
9 30
9 65
9 60
9 68
9 83
9 50
9 57
9 55
9 61
9 80
9 75
9 59
9 7
9 34
9 67
9 25
9 71
9 69
9 6
9 42
9 89
9 23
9 64
9 77
9 56
9 12
9 73
9 10
9 32
9 66
9 26
9 18
9 35
9 97
9 98
9 48
9 16
9 100
9 29
9 58
9 86
9 41
9 11
9 49
9 24
9 47
83 36
83 94
83 88
83 50
83 77
83 80
83 55
83 59
83 4
83 14
83 27
83 2
83 12
83 33
83 89
83 9
83 98
83 56
83 97
83 42
83 51
83 82
83 25
83 95
83 87
83 65
83 39
83 66
83 31
83 61
83 78
83 6
83 68
83 86
83 3
83 29
83 54
83 35
83 44
83 48
83 40
83 19
83 38
83 75
83 90
83 72
83 22
83 21
83 10
83 67
83 70
83 16
83 58
83 85
83 45
83 93
83 74
83 84
88 42
88 63
88 12
88 83
88 89
88 32
88 35
88 75
88 97
88 81
88 15
88 85
88 17
88 56
88 86
88 60
88 45
88 10
88 61
88 95
88 11
88 50
88 100
88 74
88 33
88 25
88 16
88 27
88 28
88 87
88 77
88 67
88 4
88 66
88 65
88 29
88 82
88 49
88 19
88 64
88 47
88 26
92 34
92 21
92 60
92 79
92 10
92 49
92 32
92 47
92 42
92 35
92 72
92 27
92 37
92 17
92 77
92 39
92 87
92 62
92 68
92 38
92 20
92 89
92 82
92 33
92 13
92 45
92 64
92 1
92 84
92 78
92 12
92 57
92 15
92 24
92 97
92 41
92 25
92 90
92 50
92 53
92 69
92 98
92 6
92 73
92 46
92 93
92 5
92 7
92 48
92 3
92 71
92 55
92 29
92 31
92 65
92 94
91 8
91 24
91 72
91 74
91 10
91 76
91 40
91 33
91 71
91 41
91 3
91 35
91 1
91 31
91 94
91 51
91 87
91 86
91 21
91 14
91 89
91 59
91 17
91 52
91 57
91 23
91 81
91 36
91 67
91 55
91 39
91 2
91 38
91 98
91 18
91 12
91 34
91 47
91 95
91 45
91 68
91 70
91 48
91 44
91 53
91 37
91 69
91 29
91 78
91 100
40 24
40 91
40 44
40 46
40 19
40 16
40 36
40 15
40 80
40 66
40 76
40 59
40 1
40 14
40 31
40 13
40 75
40 43
40 37
40 12
40 65
40 3
40 94
40 67
40 96
40 49
40 41
40 84
40 34
40 17
40 77
40 74
40 93
40 26
40 87
40 57
40 58
40 95
40 51
40 55
40 22
40 23
40 64
40 63
40 60
40 83
40 11
40 71
40 85
40 82
40 79
40 27
40 8
40 5
